0.0 0.104167 0.546667 0.058333 0.070000
0.0 0.015833 0.600000 0.031667 0.090000
0.0 0.255833 0.595000 0.051667 0.083333
0.0 0.477500 0.344167 0.048333 0.118333
0.0 0.474167 0.411667 0.051667 0.083333
0.0 0.488333 0.520000 0.043333 0.100000
0.0 0.547500 0.441667 0.038333 0.116667
0.0 0.612500 0.352500 0.041667 0.118333
0.0 0.619167 0.270833 0.048333 0.101667
0.0 0.698333 0.485000 0.036667 0.113333
0.0 0.710833 0.275833 0.055000 0.108333
0.0 0.758333 0.310833 0.036667 0.131667
0.0 0.808333 0.276667 0.050000 0.106667
0.0 0.883333 0.143333 0.050000 0.116667
