0.0 0.580000 0.536667 0.050000 0.100000
0.0 0.309167 0.543333 0.045000 0.100000
0.0 0.216667 0.645833 0.040000 0.101667
0.0 0.287500 0.683333 0.058333 0.090000
0.0 0.424167 0.683333 0.061667 0.110000
0.0 0.262500 0.695833 0.055000 0.085000
0.0 0.501667 0.725833 0.060000 0.081667
0.0 0.235833 0.760833 0.058333 0.075000
0.0 0.879167 0.086667 0.038333 0.106667
0.0 0.909167 0.091667 0.041667 0.103333
0.0 0.206667 0.921667 0.056667 0.060000
0.0 0.214167 0.975000 0.058333 0.046667
0.0 0.780000 0.112500 0.036667 0.098333
0.0 0.594167 0.213333 0.035000 0.090000
0.0 0.556667 0.312500 0.063333 0.061667
0.0 0.562500 0.385000 0.055000 0.060000
0.0 0.450833 0.430833 0.061667 0.078333
0.0 0.567500 0.445833 0.051667 0.065000
