0.0 0.208333 0.430000 0.050000 0.083333
0.0 0.293333 0.563333 0.050000 0.090000
0.0 0.387500 0.570000 0.031667 0.090000
0.0 0.456667 0.380833 0.030000 0.088333
0.0 0.532500 0.450833 0.048333 0.075000
0.0 0.623333 0.561667 0.033333 0.066667
0.0 0.613333 0.273333 0.026667 0.093333
0.0 0.740833 0.174167 0.038333 0.065000
0.0 0.767500 0.446667 0.041667 0.103333
0.0 0.843333 0.570000 0.036667 0.100000
0.0 0.969167 0.412500 0.038333 0.065000
0.0 0.912500 0.254167 0.038333 0.081667
0.0 0.969167 0.128333 0.035000 0.070000
