0.0 0.011667 0.455000 0.023333 0.043333
0.0 0.067500 0.530833 0.038333 0.051667
0.0 0.120000 0.635000 0.040000 0.056667
0.0 0.223333 0.667500 0.026667 0.065000
0.0 0.340000 0.571667 0.036667 0.046667
0.0 0.357500 0.483333 0.038333 0.066667
0.0 0.272500 0.782500 0.045000 0.058333
0.0 0.432500 0.628333 0.035000 0.083333
0.0 0.392500 0.761667 0.031667 0.066667
0.0 0.419167 0.950833 0.038333 0.075000
0.0 0.539167 0.938333 0.038333 0.050000
0.0 0.530833 0.775833 0.038333 0.055000
0.0 0.598333 0.743333 0.030000 0.066667
0.0 0.896667 0.637500 0.040000 0.065000
