0.0 0.204952 0.445999 0.054467 0.085934
0.0 0.297092 0.574502 0.054830 0.092591
0.0 0.391482 0.576027 0.036524 0.091592
0.0 0.450237 0.383372 0.034769 0.089837
0.0 0.529772 0.449135 0.052349 0.077523
0.0 0.626511 0.554854 0.036917 0.068384
0.0 0.600812 0.267494 0.031713 0.094648
0.0 0.722719 0.161526 0.041819 0.066992
0.0 0.764196 0.432168 0.047236 0.105450
0.0 0.846638 0.551185 0.042062 0.101850
0.0 0.963701 0.387062 0.041819 0.066992
0.0 0.898490 0.232052 0.042727 0.083634
0.0 0.948215 0.103318 0.038763 0.071803
