0.0 0.760833 0.926667 0.041667 0.056667
0.0 0.746667 0.822500 0.030000 0.075000
0.0 0.812500 0.735833 0.035000 0.078333
0.0 0.723333 0.549167 0.040000 0.065000
0.0 0.781667 0.487500 0.033333 0.075000
0.0 0.672500 0.475833 0.035000 0.041667
0.0 0.597500 0.586667 0.038333 0.076667
0.0 0.654167 0.386667 0.035000 0.100000
0.0 0.610000 0.270833 0.043333 0.098333
0.0 0.497500 0.161667 0.028333 0.083333
0.0 0.464167 0.194167 0.031667 0.065000
0.0 0.402500 0.148333 0.031667 0.070000
0.0 0.320833 0.287500 0.038333 0.078333
