0.0 0.479812 0.012226 0.046046 0.024452
0.0 0.412057 0.075414 0.056296 0.044849
0.0 0.315777 0.141271 0.061473 0.047165
0.0 0.297274 0.248002 0.067963 0.035055
0.0 0.407739 0.350923 0.051119 0.042534
0.0 0.497613 0.356548 0.071163 0.046840
0.0 0.189814 0.311992 0.063788 0.052342
0.0 0.363846 0.450124 0.087240 0.045747
0.0 0.226384 0.428167 0.070279 0.040232
0.0 0.042428 0.479696 0.079423 0.047945
0.0 0.070738 0.596977 0.054644 0.044628
0.0 0.230696 0.567157 0.059600 0.045292
0.0 0.271864 0.629749 0.070058 0.038580
0.0 0.416344 0.911403 0.069732 0.048270
