0.0 0.897099 0.465738 0.060494 0.071790
0.0 0.984912 0.415193 0.030175 0.090947
0.0 0.747019 0.412684 0.054248 0.084909
0.0 0.517615 0.656461 0.052011 0.119787
0.0 0.523058 0.589098 0.054248 0.084909
0.0 0.512287 0.480375 0.046440 0.101307
0.0 0.450699 0.556819 0.041964 0.117809
0.0 0.382941 0.643909 0.045348 0.119579
0.0 0.373723 0.725327 0.051490 0.103129
0.0 0.301295 0.508789 0.040194 0.114425
0.0 0.282258 0.717462 0.058362 0.110001
0.0 0.235876 0.680994 0.040767 0.132749
0.0 0.184832 0.713580 0.053312 0.108178
0.0 0.105698 0.844502 0.053625 0.118174
