0.0 0.987886 0.825635 0.024229 0.057617
0.0 0.930394 0.762606 0.030699 0.051421
0.0 0.869525 0.677848 0.045855 0.085917
0.0 0.766785 0.652984 0.045002 0.090590
0.0 0.709664 0.560029 0.043153 0.079071
0.0 0.601197 0.599384 0.046444 0.079599
0.0 0.679875 0.753023 0.045773 0.055444
0.0 0.677978 0.841103 0.046891 0.052416
0.0 0.592343 0.728250 0.032020 0.059649
0.0 0.553582 0.428943 0.048943 0.075191
0.0 0.449950 0.461614 0.047683 0.057353
0.0 0.477442 0.606589 0.039191 0.054387
0.0 0.425951 0.648614 0.035311 0.060177
0.0 0.173466 0.784516 0.043803 0.063143
