0.0 0.119753 0.241724 0.059990 0.067397
0.0 0.097466 0.371105 0.071170 0.083515
0.0 0.180154 0.453075 0.074696 0.091362
0.0 0.342571 0.426100 0.057504 0.063059
0.0 0.397235 0.357538 0.060007 0.074204
0.0 0.166341 0.584431 0.072633 0.091150
0.0 0.293730 0.628627 0.074890 0.086618
0.0 0.391728 0.539758 0.085064 0.112840
0.0 0.218772 0.804660 0.083390 0.103141
0.0 0.328448 0.878085 0.080480 0.094677
0.0 0.400885 0.733264 0.079457 0.097975
0.0 0.495173 0.716228 0.079457 0.097975
0.0 0.799908 0.779465 0.062705 0.080605
