0.0 0.760833 0.073333 0.041667 0.056667
0.0 0.746667 0.177500 0.030000 0.075000
0.0 0.812500 0.264167 0.035000 0.078333
0.0 0.723333 0.450833 0.040000 0.065000
0.0 0.781667 0.512500 0.033333 0.075000
0.0 0.672500 0.524167 0.035000 0.041667
0.0 0.597500 0.413333 0.038333 0.076667
0.0 0.654167 0.613333 0.035000 0.100000
0.0 0.610000 0.729167 0.043333 0.098333
0.0 0.497500 0.838333 0.028333 0.083333
0.0 0.464167 0.805833 0.031667 0.065000
0.0 0.402500 0.851667 0.031667 0.070000
0.0 0.320833 0.712500 0.038333 0.078333
