0.0 0.057500 0.099167 0.041667 0.051667
0.0 0.116667 0.172500 0.023333 0.048333
0.0 0.163333 0.265833 0.033333 0.081667
0.0 0.260833 0.306667 0.031667 0.086667
0.0 0.302500 0.407500 0.031667 0.075000
0.0 0.415833 0.385833 0.035000 0.075000
0.0 0.362500 0.221667 0.038333 0.050000
0.0 0.378333 0.135000 0.040000 0.046667
0.0 0.445000 0.260000 0.023333 0.056667
0.0 0.435833 0.561667 0.038333 0.070000
0.0 0.543333 0.545833 0.040000 0.051667
0.0 0.539167 0.398333 0.031667 0.050000
0.0 0.596667 0.365000 0.026667 0.056667
0.0 0.867500 0.270833 0.035000 0.058333
