0.0 0.041667 0.465000 0.036667 0.056667
0.0 0.086667 0.588333 0.040000 0.073333
0.0 0.199167 0.618333 0.038333 0.083333
0.0 0.326667 0.514167 0.036667 0.051667
0.0 0.340000 0.427500 0.030000 0.068333
0.0 0.252500 0.739167 0.035000 0.085000
0.0 0.385000 0.714167 0.043333 0.075000
0.0 0.425833 0.588333 0.035000 0.110000
0.0 0.407500 0.904167 0.041667 0.095000
0.0 0.539167 0.913333 0.045000 0.083333
0.0 0.530000 0.751667 0.040000 0.090000
0.0 0.603333 0.690000 0.040000 0.090000
0.0 0.899167 0.593333 0.028333 0.076667
