0 0.0575 0.09916666666666667 0.041666666666666664 0.051666666666666666
0 0.11666666666666667 0.1725 0.023333333333333334 0.04833333333333333
0 0.16333333333333333 0.2658333333333333 0.03333333333333333 0.08166666666666667
0 0.2608333333333333 0.30666666666666664 0.03166666666666667 0.08666666666666667
0 0.3025 0.4075 0.03166666666666667 0.075
0 0.41583333333333333 0.3858333333333333 0.035 0.075
0 0.3625 0.22166666666666668 0.03833333333333333 0.05
0 0.37833333333333335 0.135 0.04 0.04666666666666667
0 0.445 0.26 0.023333333333333334 0.056666666666666664
0 0.43583333333333335 0.5616666666666666 0.03833333333333333 0.07
0 0.5433333333333333 0.5458333333333333 0.04 0.051666666666666666
0 0.5391666666666667 0.3983333333333333 0.03166666666666667 0.05
0 0.5966666666666667 0.365 0.02666666666666667 0.056666666666666664
0 0.8675 0.2708333333333333 0.035 0.058333333333333334