0 0.10416666666666667 0.5466666666666666 0.058333333333333334 0.07
0 0.015833333333333335 0.6 0.03166666666666667 0.09
0 0.25583333333333336 0.595 0.051666666666666666 0.08333333333333333
0 0.4775 0.3441666666666667 0.04833333333333333 0.11833333333333333
0 0.4741666666666667 0.4116666666666667 0.051666666666666666 0.08333333333333333
0 0.48833333333333334 0.52 0.043333333333333335 0.1
0 0.5475 0.44166666666666665 0.03833333333333333 0.11666666666666667
0 0.6125 0.3525 0.041666666666666664 0.11833333333333333
0 0.6191666666666666 0.2708333333333333 0.04833333333333333 0.10166666666666667
0 0.6983333333333334 0.485 0.03666666666666667 0.11333333333333333
0 0.7108333333333333 0.2758333333333333 0.055 0.10833333333333334
0 0.7583333333333333 0.31083333333333335 0.03666666666666667 0.13166666666666665
0 0.8083333333333333 0.27666666666666667 0.05 0.10666666666666667
0 0.8833333333333333 0.14333333333333334 0.05 0.11666666666666667