0 0.011666666666666667 0.455 0.023333333333333334 0.043333333333333335
0 0.0675 0.5308333333333334 0.03833333333333333 0.051666666666666666
0 0.12 0.635 0.04 0.056666666666666664
0 0.22333333333333333 0.6675 0.02666666666666667 0.065
0 0.34 0.5716666666666667 0.03666666666666667 0.04666666666666667
0 0.3575 0.48333333333333334 0.03833333333333333 0.06666666666666667
0 0.2725 0.7825 0.045 0.058333333333333334
0 0.4325 0.6283333333333333 0.035 0.08333333333333333
0 0.3925 0.7616666666666667 0.03166666666666667 0.06666666666666667
0 0.4191666666666667 0.9508333333333333 0.03833333333333333 0.075
0 0.5391666666666667 0.9383333333333334 0.03833333333333333 0.05
0 0.5308333333333334 0.7758333333333334 0.03833333333333333 0.055
0 0.5983333333333334 0.7433333333333333 0.03 0.06666666666666667
0 0.8966666666666666 0.6375 0.04 0.065