0 0.58 0.5366666666666666 0.05 0.1
0 0.30916666666666665 0.5433333333333333 0.045 0.1
0 0.21666666666666667 0.6458333333333334 0.04 0.10166666666666667
0 0.2875 0.6833333333333333 0.058333333333333334 0.09
0 0.4241666666666667 0.6833333333333333 0.06166666666666667 0.11
0 0.2625 0.6958333333333333 0.055 0.085
0 0.5016666666666667 0.7258333333333333 0.06 0.08166666666666667
0 0.23583333333333334 0.7608333333333334 0.058333333333333334 0.075
0 0.8791666666666667 0.08666666666666667 0.03833333333333333 0.10666666666666667
0 0.9091666666666667 0.09166666666666666 0.041666666666666664 0.10333333333333333
0 0.20666666666666667 0.9216666666666666 0.056666666666666664 0.06
0 0.21416666666666667 0.975 0.058333333333333334 0.04666666666666667
0 0.78 0.1125 0.03666666666666667 0.09833333333333333
0 0.5941666666666666 0.21333333333333335 0.035 0.09
0 0.5566666666666666 0.3125 0.06333333333333334 0.06166666666666667
0 0.5625 0.385 0.055 0.06
0 0.4508333333333333 0.43083333333333335 0.06166666666666667 0.07833333333333334
0 0.5675 0.44583333333333336 0.051666666666666666 0.065