0 0.20833333333333334 0.43 0.05 0.08333333333333333
0 0.29333333333333333 0.5633333333333334 0.05 0.09
0 0.3875 0.57 0.03166666666666667 0.09
0 0.45666666666666667 0.38083333333333336 0.03 0.08833333333333333
0 0.5325 0.4508333333333333 0.04833333333333333 0.075
0 0.6233333333333333 0.5616666666666666 0.03333333333333333 0.06666666666666667
0 0.6133333333333333 0.2733333333333333 0.02666666666666667 0.09333333333333334
0 0.7408333333333333 0.17416666666666666 0.03833333333333333 0.065
0 0.7675 0.44666666666666666 0.041666666666666664 0.10333333333333333
0 0.8433333333333334 0.57 0.03666666666666667 0.1
0 0.9691666666666666 0.4125 0.03833333333333333 0.065
0 0.9125 0.25416666666666665 0.03833333333333333 0.08166666666666667
0 0.9691666666666666 0.12833333333333333 0.035 0.07