0 0.041666666666666664 0.465 0.03666666666666667 0.056666666666666664
0 0.08666666666666667 0.5883333333333334 0.04 0.07333333333333333
0 0.19916666666666666 0.6183333333333333 0.03833333333333333 0.08333333333333333
0 0.32666666666666666 0.5141666666666667 0.03666666666666667 0.051666666666666666
0 0.34 0.4275 0.03 0.06833333333333333
0 0.2525 0.7391666666666666 0.035 0.085
0 0.385 0.7141666666666666 0.043333333333333335 0.075
0 0.42583333333333334 0.5883333333333334 0.035 0.11
0 0.4075 0.9041666666666667 0.041666666666666664 0.095
0 0.5391666666666667 0.9133333333333333 0.045 0.08333333333333333
0 0.53 0.7516666666666667 0.04 0.09
0 0.6033333333333334 0.69 0.04 0.09
0 0.8991666666666667 0.5933333333333334 0.028333333333333332 0.07666666666666666