0 0.06833333333333333 0.16583333333333333 0.03333333333333333 0.075
0 0.20833333333333334 0.19666666666666666 0.04 0.09333333333333334
0 0.2658333333333333 0.3516666666666667 0.028333333333333332 0.08333333333333333
0 0.42583333333333334 0.3225 0.035 0.07166666666666667
0 0.35083333333333333 0.0625 0.041666666666666664 0.058333333333333334
0 0.4666666666666667 0.14 0.03666666666666667 0.09
0 0.445 0.5575 0.04 0.09166666666666666
0 0.6075 0.5275 0.051666666666666666 0.06833333333333333
0 0.5975 0.3433333333333333 0.035 0.08
0 0.6883333333333334 0.28833333333333333 0.03333333333333333 0.08
0 0.015833333333333335 0.04833333333333333 0.03166666666666667 0.07666666666666666