0 0.7608333333333334 0.07333333333333333 0.041666666666666664 0.056666666666666664
0 0.7466666666666667 0.1775 0.03 0.075
0 0.8125 0.26416666666666666 0.035 0.07833333333333334
0 0.7233333333333334 0.4508333333333333 0.04 0.065
0 0.7816666666666666 0.5125 0.03333333333333333 0.075
0 0.6725 0.5241666666666667 0.035 0.041666666666666664
0 0.5975 0.41333333333333333 0.03833333333333333 0.07666666666666666
0 0.6541666666666667 0.6133333333333333 0.035 0.1
0 0.61 0.7291666666666666 0.043333333333333335 0.09833333333333333
0 0.4975 0.8383333333333334 0.028333333333333332 0.08333333333333333
0 0.46416666666666667 0.8058333333333333 0.03166666666666667 0.065
0 0.4025 0.8516666666666667 0.03166666666666667 0.07
0 0.32083333333333336 0.7125 0.03833333333333333 0.07833333333333334